1003 1004 1009 1004
1001 1007 1002 1004
1004 1008 1004 1002
1009 1005 1000 1006
1001 1000 1009 1000
1009 1009 1006 1003
3080 1006 1003 1005
1003 1002 1008 1005
1000 1005 1002 1002
1001 1005 1006 1001
1002 1002 1002 1000
1000 1008 1007 1003
1003 1007 1005 1006
8013 1009 1003 1008
1004 1000 1008 1000
1008 1004 1001 1006
1005 1008 7881 1003
1002 1005 1005 1007
4475 1006 1003 1004
1007 1009 1000 1005
1004 1002 1000 6233
1001 1005 1009 1007
1002 1009 1004 1007
1003 1009 1007 1003
1008 1004 7996 1007
1001 1006 1005 1004
1008 1008 1007 1003
1004 6921 1002 1004
1003 1003 1001 1002
1002 1000 5548 5400
1005 1007 1003 1002
1003 1008 1000 1002
1002 5433 5256 1006
1000 1002 1002 1008
1007 1002 1003 7258
1002 1002 1006 1001
1002 1004 1004 1009
1002 9673 1003 1004
1005 1000 1002 1005
1008 1007 1007 1002
1005 1009 8363 1007
8368 4702 1006 1000
1002 7229 1003 1009
1009 1003 1002 1003
1008 1004 1006 1002
1008 1001 1009 9647
1000 1003 1003 1007
1000 1002 1000 5935
7835 1008 1000 1003
1009 1003 1003 1001