84 66 48 85
61 37 78 24
44 86 66 22
12 39 70 97
14 73 74 21
69 34 78 63
93 97 49 83
78 86 19 82
12 54 29 73
80 94 39 42
15 46 23 57
36 10 11 38
62 61 14 41
30 57 81 82
47 28 46 30
34 91 24 33
91 44 33 65
99 64 36 14
23 95 41 38
62 28 75 42
67 84 88 91
22 14 25 28
51 96 59 50
73 51 65 25
72 70 10 12
97 84 27 92
30 40 85 95
81 18 58 77
24 31 70 67
71 27 19 32
20 87 46 37
43 61 66 38
96 89 44 89
25 92 35 81
15 46 59 45
25 96 52 74
17 40 63 30
24 83 96 98
51 22 16 45
92 98 25 10
31 18 27 45
22 76 15 49
40 28 32 71
47 39 82 37
47 28 58 12
43 11 72 56
73 32 90 13
76 36 23 13
11 19 39 76
65 18 16 90
55 44 98 63
20 94 59 69
75 92 34 26
35 79 12 32
22 72 13 58
89 77 20 95
75 64 55 38
40 34 13 76
40 57 31 80
34 69 61 54
69 15 43 29
26 74 21 64
17 55 53 11
62 21 95 64
29 42 33 56
26 21 86 35
16 23 36 49
35 62 39 17
89 23 94 97
60 77 77 93
68 87 20 66
68 79 79 99
17 88 55 26
50 36 42 32
54 98 19 27
56 84 31 90
37 33 17 13
46 68 93 35
51 86 10 45
49 43 94 99
88 70 42 53
52 26 63 87
50 83 54 44
52 16 65 80
52 91 27 90
19 53 67 85
15 43 53 21
33 47 57 41
41 48 99 79
67 60 74 88
11 93 85 48
29 20 78 72
71 31 68 87
37 41 80 45
48 75 71 58
38 56 60 59
24 82 81 60
18 30 16 50
83 29 18 14