27935978
27900937
27268760
27638102
27787618
27074023
27452612
27425973
27330649
27971817
27728958
27665600
27960806
27824999
27613527
27669677
27286122
27713534
27749619
27232764
27265830
27807017
27358395
27053545
27653429
27014590
27529326
27301094
27427474
27309097
27358200
27871190
27858289
27161299
27090669
27629693
27868591
27537142
27593746
27217534
27776209
27822446
27230117
27579803
27576863
27036923
27956193
27554146
27847883
27267982
27167120
27188084
27828062
27664127
27383076
27143824
27357294
27652683
27272575
27009182
27249566
27395254
27609876
27503081
27528344
27722796
27332247
27128908
27750622
27937906
27427882
27120766
27359093
27698284
27940051
27646786
27243287
27625771
27219695
27281894
27235577
27572532
27938258
27364010
27883618
27519208
27479059
27151788
27608723
27768558
27912967
27754909
27177335
27842153
27533359
27530500
27651119
27993900
27448407
27884645
27291315
27627684
27976554
27076746
27471337
27273447
27956058
27524713
27587428
27965377
27786857
27872537
27942727
27341880
27169851
27262676
27596407
27063218
27472482
27817301
27943461
27070666
27869232
27241157
27608322
27627662
27737154
27247813
27575908
27512257
27958858
27923286
27949016
27187727
27530166
27559171
27259509
27491450
27960137
27791987
27146669
27968533
27507022
27977555
27683006
27213512
27554408
27329637
27046572
27224321
27186835
27497711
27945385
27226729
27830985
27711272
27387389
27247467
27326279
27453116
27908418
27291771
27082502
27328767
27507183
27477251
27765564
27995571
27341447
27679382
27300549
27391967
27423526
27535792
27656419
27581500
27592067
27389595
27222615
27046306
27596902
27925075
27138995
27716754
27005349
27087757
27443654
27768750
27072691
27274656
27179615
27029708
27258475
27884475
27768008
27434851
27326887
27445872
27864470
27246918
27222324
27068570
27659376
27433092
27204925
27416742
27000438
27234601
27848827
27432657
27661959
27970589
27785245
27636528
27093240
27637275
27894913
27267414
27221122
27308234
27214496
27499719
27200137
27569962
27114635
27042724
27527086
27564752
27421660
27441809
27019790
27799547
27017373
27233789
27203201
27720692
27793718
27909739
27868727
27355535
27342667
27171041
27563225
27122563
27414853
27795311
27350518
27196306
27424640
27393180
27257612
27631370
27419810
27344281
27886373
27678692
27203902
27898993
27562309
27720414
27863476
27403086
27997691
27731514
27616597
27501665
27372337
27099892
27759304
27479313
27263754
27389805
27746714
27563777
27033451
27706843
27259461
27369134
27295672
27571660
27802272
27794347
27329850
27178929
27298263
27112989
27779652
27934550
27220336
27750170
27037966
27173726
27259443
27872761
27072774
27822554
27503966
27062490
27430488
27034483
27056604
27575509
27477630
27386444
27875694
27043269
27502794
27193296
27514951
27060252
27552865
27534927
27901110
27221721
27806147
27366947
27186378
27500814
27357228
27817145
27608019
27905406
27340037
27532785
27242977
27474994
27612755
27292566
27533230
27799122
27502965
27222897
27471218
27275659
27245113
27003086
27665940
27410867
27094158
27767867
27907356
27130493
27559183
27698101
27133052
27583959
27078611
27289153
27386621
27325513
27683527
27762757
27946056
27249076
27246539
27205563
27278779
27191802
27705535
27185518
27921050
27804094
27447234
27854633
27592174
27344912
27031745
27158197
27511544
27822285
27390560
27606650
27452444
27905735
27208042
27026000
27397800
27659872
27713973
27934380
27777596
27797449
27772186
27568647
27363510
27120027
27027716
27668933
27612081
27424797
27944259
27857498
27690891
27384944
27054601
27123460
27142187
27252803
27329531
27167745
27910863
27338798
27801394
27431409
27825758
27774641
27115688
27632801
27135258
27883368
27984600
27711391
27381232
27375111
27400067
27566890
27294807
27290405
27408821
27247175
27699121
27710971
27433067
27890640
27701306
27381125
27404297
27023755
27069320
27185167
27868659
27730345
27019787
27375235
27347519
27149261
27696762
27450541
27046709
27424807
27127420
27205729
27095668
27924273
27613908
27217990
27463388
27216931
27253159
27870706
27786701
27786626
27717920
27296714
27403632
27590509
27094862
27043706
27753927
27688017
27907128
27437262
27588707
27005803
27678898
27521271
27351772
27327930
27331862
27510995
27082200
27438496
27834781
27132114
27026946
27227053
27917998
27110392
27158828
27309130
27214044
27464386
27455544
27476286
27034981
27682798
27011923
27305825
27763823
27046311
27032603
27988334
27861840
27769997
27060276
27932431
27526080
27630295
27444626
27732664